 0.010000  0.001018  0.079681  0.000000  0.000000  2.521709 -2.098093  0.001018  0.079681  0.000000  0.000000  2.521709 -2.098093  1.000000
 0.020000  0.001145  0.079575  0.025627 -0.021368  2.607749 -2.179443  0.001145  0.079575  0.025627 -0.021368  2.607749 -2.179443  1.000000
 0.030000  0.001534  0.079251  0.052230 -0.043663  2.716324 -2.283124  0.001534  0.079251  0.052230 -0.043663  2.716324 -2.283124  1.000000
 0.040000  0.002194  0.078698  0.080010 -0.067093  2.841894 -2.405639  0.002194  0.078698  0.080010 -0.067093  2.841894 -2.405639  1.000000
 0.050000  0.003138  0.077904  0.109103 -0.091825  2.977854 -2.542830  0.003138  0.077904  0.109103 -0.091825  2.977854 -2.542830  1.000000
 0.060000  0.004381  0.076857  0.139577 -0.117983  3.116656 -2.689980  0.004381  0.076857  0.139577 -0.117983  3.116656 -2.689980  1.000000
 0.070000  0.005934  0.075540  0.171418 -0.145641  3.250016 -2.841982  0.005934  0.075540  0.171418 -0.145641  3.250016 -2.841982  1.000000
 0.080000  0.007813  0.073939  0.204530 -0.174821  3.369221 -2.993566  0.007813  0.073939  0.204530 -0.174821  3.369221 -2.993566  1.000000
 0.090000  0.010029  0.072038  0.238726 -0.205494  3.465497 -3.139552  0.010029  0.072038  0.238726 -0.205494  3.465497 -3.139552  1.000000
 0.100000  0.012590  0.069824  0.273735 -0.237578  3.530441 -3.275135  0.012590  0.069824  0.273735 -0.237578  3.530441 -3.275135  1.000000
 0.110000  0.015505  0.067282  0.309205 -0.270948  3.556466 -3.396148  0.015505  0.067282  0.309205 -0.270948  3.556466 -3.396148  1.000000
 0.120000  0.018775  0.064401  0.344713 -0.305441  3.537230 -3.499282  0.018775  0.064401  0.344713 -0.305441  3.537230 -3.499282  1.000000
 0.130000  0.022398  0.061171  0.379783 -0.340866  3.468014 -3.582231  0.022398  0.061171  0.379783 -0.340866  3.468014 -3.582231  1.000000
 0.140000  0.026367  0.057582  0.413897 -0.377014  3.345996 -3.643737  0.026367  0.057582  0.413897 -0.377014  3.345996 -3.643737  1.000000
 0.150000  0.030671  0.053629  0.446524 -0.413669  3.170401 -3.683514  0.030671  0.053629  0.446524 -0.413669  3.170401 -3.683514  1.000000
 0.160000  0.035291  0.049307  0.477131 -0.450614  2.942495 -3.702037  0.035291  0.049307  0.477131 -0.450614  2.942495 -3.702037  1.000000
 0.170000  0.040205  0.044616  0.505210 -0.487642  2.665419 -3.700227  0.040205  0.044616  0.505210 -0.487642  2.665419 -3.700227  1.000000
 0.180000  0.045385  0.039555  0.530291 -0.524554  2.343861 -3.679028  0.045385  0.039555  0.530291 -0.524554  2.343861 -3.679028  1.000000
 0.190000  0.050799  0.034126  0.551958 -0.561159  1.983601 -3.638932  0.050799  0.034126  0.551958 -0.561159  1.983601 -3.638932  1.000000
 0.200000  0.056412  0.028333  0.569855 -0.597268  1.590955 -3.579503  0.056412  0.028333  0.569855 -0.597268  1.590955 -3.579503  1.000000
 0.210000  0.062183  0.022183  0.583690 -0.632679  1.172177 -3.498952  0.062183  0.022183  0.583690 -0.632679  1.172177 -3.498952  1.000000
 0.220000  0.068071  0.015683  0.593230 -0.667165  0.732880 -3.393827  0.068071  0.015683  0.593230 -0.667165  0.732880 -3.393827  1.000000
 0.230000  0.074033  0.008844  0.598294 -0.700456  0.277527 -3.258869  0.074033  0.008844  0.598294 -0.700456  0.277527 -3.258869  1.000000
 0.240000  0.080038  0.001680  0.603439 -0.731739  0.711141 -2.994752  0.080038  0.001680  0.603439 -0.731739  0.711141 -2.994752  1.000000
 0.250000  0.086112 -0.005782  0.611773 -0.760272  0.921136 -2.707025  0.086112 -0.005782  0.611773 -0.760272  0.921136 -2.707025  1.000000
 0.260000  0.092277 -0.013515  0.621228 -0.785758  0.940468 -2.382901  0.092277 -0.013515  0.621228 -0.785758  0.940468 -2.382901  1.000000
 0.270000  0.098534 -0.021486  0.630038 -0.807767  0.796189 -2.009847  0.098534 -0.021486  0.630038 -0.807767  0.796189 -2.009847  1.000000
 0.280000  0.104870 -0.029657  0.636681 -0.825753  0.510426 -1.576408  0.104870 -0.029657  0.636681 -0.825753  0.510426 -1.576408  1.000000
 0.290000  0.111256 -0.037985  0.639836 -0.839062  0.101478 -1.073109  0.111256 -0.037985  0.639836 -0.839062  0.101478 -1.073109  1.000000
 0.300000  0.117651 -0.046420  0.638352 -0.846959 -0.415010 -0.493353  0.117651 -0.046420  0.638352 -0.846959 -0.415010 -0.493353  1.000000
 0.310000  0.124004 -0.054904  0.631225 -0.848663 -1.024879  0.165768  0.124004 -0.054904  0.631225 -0.848663 -1.024879  0.165768  1.000000
 0.320000  0.130254 -0.063370  0.617589 -0.843383 -1.714327  0.902854  0.130254 -0.063370  0.617589 -0.843383 -1.714327  0.902854  1.000000
 0.330000  0.136332 -0.071746  0.596721 -0.830366 -2.468929  1.711821  0.136332 -0.071746  0.596721 -0.830366 -2.468929  1.711821  1.000000
 0.340000  0.142163 -0.079949  0.568046 -0.808943 -3.272845  2.581846  0.142163 -0.079949  0.568046 -0.808943 -3.272845  2.581846  1.000000
 0.350000  0.147666 -0.087895  0.531159 -0.778576 -4.108293  3.497635  0.147666 -0.087895  0.531159 -0.778576 -4.108293  3.497635  1.000000
 0.360000  0.152758 -0.095490  0.485841 -0.738900 -4.955311  4.440027  0.152758 -0.095490  0.485841 -0.738900 -4.955311  4.440027  1.000000
 0.370000  0.157354 -0.102641  0.432087 -0.689760 -5.791849  5.386892  0.157354 -0.102641  0.432087 -0.689760 -5.791849  5.386892  1.000000
 0.380000  0.161372 -0.109254  0.370118 -0.631227 -6.594161  6.314257  0.161372 -0.109254  0.370118 -0.631227 -6.594161  6.314257  1.000000
 0.390000  0.164731 -0.115235  0.300401 -0.563621 -7.337497  7.197584  0.164731 -0.115235  0.300401 -0.563621 -7.337497  7.197584  1.000000
 0.400000  0.167357 -0.120498  0.223648 -0.487502 -7.997023  8.013105  0.167357 -0.120498  0.223648 -0.487502 -7.997023  8.013105  1.000000
 0.410000  0.169184 -0.124960  0.140819 -0.403658 -8.548913  8.739099  0.169184 -0.124960  0.140819 -0.403658 -8.548913  8.739099  1.000000
 0.420000  0.170157 -0.128549  0.053101 -0.313080 -8.971521  9.357036  0.170157 -0.128549  0.053101 -0.313080 -8.971521  9.357036  1.000000
 0.430000  0.170234 -0.131203 -0.038119 -0.216926 -9.246551  9.852485  0.170234 -0.131203 -0.038119 -0.216926 -9.246551  9.852485  1.000000
 0.440000  0.169388 -0.132873 -0.131291 -0.116471 -9.360106 10.215735  0.169388 -0.132873 -0.131291 -0.116471 -9.360106 10.215735  1.000000
 0.450000  0.167607 -0.133522 -0.224753 -0.013068 -9.303560 10.442083  0.167607 -0.133522 -0.224753 -0.013068 -9.303560 10.442083  1.000000
 0.460000  0.164897 -0.133129 -0.316785  0.091914 -9.074147 10.531776  0.164897 -0.133129 -0.316785  0.091914 -9.074147 10.531776  1.000000
 0.470000  0.161282 -0.131683 -0.405670  0.197128 -8.675221 10.489634  0.161282 -0.131683 -0.405670  0.197128 -8.675221 10.489634  1.000000
 0.480000  0.156800 -0.129190 -0.489755  0.301296 -8.116165 10.324375  0.156800 -0.129190 -0.489755  0.301296 -8.116165 10.324375  1.000000
 0.490000  0.151508 -0.125665 -0.567509  0.403244 -7.411929 10.047726  0.151508 -0.125665 -0.567509  0.403244 -7.411929 10.047726  1.000000
 0.500000  0.145476 -0.121136 -0.637575  0.501925 -6.582232  9.673380  0.145476 -0.121136 -0.637575  0.501925 -6.582232  9.673380  1.000000
 0.510000  0.138786 -0.115640 -0.698813  0.596435 -5.650480  9.215896  0.138786 -0.115640 -0.698813  0.596435 -5.650480  9.215896  1.000000
 0.520000  0.131532 -0.109224 -0.750330  0.686014 -4.642489  8.689637  0.131532 -0.109224 -0.750330  0.686014 -4.642489  8.689637  1.000000
 0.530000  0.123814 -0.101938 -0.791498  0.770042 -3.585083  8.107814  0.123814 -0.101938 -0.791498  0.770042 -3.585083  8.107814  1.000000
 0.540000  0.115737 -0.093843 -0.821955  0.848023 -2.504702  7.481733  0.115737 -0.093843 -0.821955  0.848023 -2.504702  7.481733  1.000000
 0.550000  0.107411 -0.084999 -0.841598  0.919559 -1.426106  6.820277  0.107411 -0.084999 -0.841598  0.919559 -1.426106  6.820277  1.000000
 0.560000  0.098941 -0.075474 -0.850556  0.984331 -0.371265  6.129676  0.098941 -0.075474 -0.850556  0.984331 -0.371265  6.129676  1.000000
 0.570000  0.090434 -0.065336 -0.849163  1.042068  0.641460  5.413565  0.090434 -0.065336 -0.849163  1.042068  0.641460  5.413565  1.000000
 0.580000  0.081991 -0.054657 -0.837915  1.092522  1.597838  4.673316  0.081991 -0.054657 -0.837915  1.092522  1.597838  4.673316  1.000000
 0.590000  0.073706 -0.043511 -0.817428  1.135452  2.487923  3.908611  0.073706 -0.043511 -0.817428  1.135452  2.487923  3.908611  1.000000
 0.600000  0.065671 -0.031974 -0.788397  1.170608  3.305885  3.118177  0.065671 -0.031974 -0.788397  1.170608  3.305885  3.118177  1.000000
 0.610000  0.057965 -0.020125 -0.751558  1.197725  4.049546  2.300640  0.057965 -0.020125 -0.751558  1.197725  4.049546  2.300640  0.000000
 0.620000  0.050663 -0.008047 -0.707651  1.216528  4.719668  1.455388  0.050449 -0.009129 -0.751558  1.099625  0.000000 -9.810000  0.000000
 0.630000  0.043833  0.004176 -0.657400  1.226743  5.319098  0.583369  0.042933  0.000886 -0.751558  1.001525  0.000000 -9.810000  0.000000
 0.640000  0.037534  0.016458 -0.601492  1.228117  5.851834 -0.312241  0.035418  0.009920 -0.751558  0.903425  0.000000 -9.810000  0.000000
 0.650000  0.031819  0.028709 -0.540571  1.220439  6.322120 -1.225583  0.027902  0.017974 -0.751558  0.805325  0.000000 -9.810000  0.000000
 0.660000  0.026737  0.040836 -0.475245  1.203574  6.733639 -2.147902  0.020387  0.025046 -0.751558  0.707225  0.000000 -9.810000  0.000000
 0.670000  0.022327  0.052749 -0.406086  1.177489  7.088883 -3.067596  0.012871  0.031137 -0.751558  0.609125  0.000000 -9.810000  0.000000
 0.680000  0.018626  0.064356 -0.333651  1.142278  7.388728 -3.970538  0.005355  0.036247 -0.751558  0.511025  0.000000 -9.810000  0.000000
 0.690000  0.015663  0.075565 -0.258499  1.098187  7.632264 -4.840635 -0.002160  0.040377 -0.751558  0.412925  0.000000 -9.810000  0.000000
 0.700000  0.013463  0.086291 -0.181202  1.045632  7.816858 -5.660576 -0.009676  0.043525 -0.751558  0.314825  0.000000 -9.810000  0.000000
 0.710000  0.012044  0.096452 -0.102371  0.985202  7.938446 -6.412721 -0.017191  0.045692 -0.751558  0.216725  0.000000 -9.810000  0.000000
 0.720000  0.011419  0.105972 -0.022660  0.917660  7.992001 -7.080049 -0.024707  0.046878 -0.751558  0.118625  0.000000 -9.810000  0.000000
 0.730000  0.011592  0.114784  0.057224  0.843935  7.972141 -7.647098 -0.032222  0.047084 -0.751558  0.020525  0.000000 -9.810000  0.000000
 0.740000  0.012561  0.122833  0.136521  0.765096  7.873798 -8.100829 -0.039738  0.046308 -0.751558 -0.077575  0.000000 -9.810000  0.000000
 0.750000  0.014318  0.130073  0.214425  0.682330  7.692899 -8.431347 -0.047254  0.044551 -0.751558 -0.175675  0.000000 -9.810000  0.000000
 0.760000  0.016842  0.136471  0.290095  0.596901  7.426986 -8.632437 -0.054769  0.041813 -0.751558 -0.273775  0.000000 -9.810000  0.000000
 0.770000  0.020109  0.142007  0.362680  0.510120  7.075736 -8.701882 -0.062285  0.038095 -0.751558 -0.371875  0.000000 -9.810000  0.000000
 0.780000  0.024083  0.146673  0.431333  0.423297  6.641324 -8.641547 -0.069800  0.033395 -0.751558 -0.469975  0.000000 -9.810000  0.000000
 0.790000  0.028720  0.150477  0.495245  0.337703  6.128611 -8.457233 -0.077316  0.027714 -0.751558 -0.568075  0.000000 -9.810000  0.000000
 0.800000  0.033970  0.153435  0.553669  0.254534  5.545139 -8.158321 -0.084831  0.021052 -0.751558 -0.666175  0.000000 -9.810000  0.000000
 0.810000  0.039773  0.155579  0.605945  0.174877  4.900939 -7.757233 -0.092347  0.013410 -0.751558 -0.764275  0.000000 -9.810000  0.000000
 0.820000  0.046066  0.156948  0.651525  0.099681  4.208169 -7.268767 -0.099863  0.004786 -0.751558 -0.862375  0.000000 -9.810000  0.000000
 0.830000  0.052780  0.157590  0.689992  0.029739  3.480610 -6.709337 -0.107378 -0.004819 -0.751558 -0.960475  0.000000 -9.810000  0.000000
 0.840000  0.059841  0.157562  0.721070 -0.034327  2.733060 -6.096179 -0.114894 -0.015405 -0.751558 -1.058575  0.000000 -9.810000  0.000000
 0.850000  0.067176  0.156925  0.744637 -0.092064  1.980677 -5.446581 -0.122409 -0.026971 -0.751558 -1.156675  0.000000 -9.810000  0.000000
 0.860000  0.074709  0.155743  0.760717 -0.143192  1.238310 -4.777162 -0.129925 -0.039519 -0.751558 -1.254775  0.000000 -9.810000  0.000000
 0.870000  0.082366  0.154083  0.769483 -0.187592  0.519869 -4.103266 -0.137441 -0.053048 -0.751558 -1.352875  0.000000 -9.810000  0.000000
 0.880000  0.090075  0.152014  0.771236 -0.225288 -0.162221 -3.438474 -0.144956 -0.067558 -0.751558 -1.450975  0.000000 -9.810000  0.000000
 0.890000  0.097769  0.149600  0.766395 -0.256430 -0.797453 -2.794272 -0.152472 -0.083048 -0.751558 -1.549075  0.000000 -9.810000  0.000000
 0.900000  0.105383  0.146906  0.755471 -0.281273 -1.377539 -2.179870 -0.159987 -0.099520 -0.751558 -1.647175  0.000000 -9.810000  0.000000
 0.910000  0.112860  0.143994  0.739048 -0.300150 -1.896558 -1.602174 -0.167503 -0.116973 -0.751558 -1.745275  0.000000 -9.810000  0.000000
 0.920000  0.120148  0.140921  0.717755 -0.313454 -2.350958 -1.065889 -0.175018 -0.135407 -0.751558 -1.843375  0.000000 -9.810000  0.000000
 0.930000  0.127201  0.137742  0.692248 -0.321615 -2.739427 -0.573747 -0.182534 -0.154821 -0.751558 -1.941475  0.000000 -9.810000  0.000000
 0.940000  0.133981  0.134505  0.663184 -0.325080 -3.062644 -0.126804 -0.190050 -0.175217 -0.751558 -2.039575  0.000000 -9.810000  0.000000
 0.950000  0.140455  0.131255  0.631205 -0.324301 -3.322941  0.275191 -0.197565 -0.196594 -0.751558 -2.137675  0.000000 -9.810000  0.000000
 0.960000  0.146597  0.128031  0.596923 -0.319722 -3.523920  0.633422 -0.205081 -0.218952 -0.751558 -2.235775  0.000000 -9.810000  0.000000
 0.970000  0.152388  0.124871  0.560910 -0.311773 -3.670037  0.949631 -0.212596 -0.242290 -0.751558 -2.333875  0.000000 -9.810000  0.000000
 0.980000  0.157811  0.121806  0.523689 -0.300863 -3.766206  1.225789 -0.220112 -0.266610 -0.751558 -2.431975  0.000000 -9.810000  0.000000
 0.990000  0.162859  0.118863  0.485735 -0.287384 -3.817429  1.463813 -0.227627 -0.291911 -0.751558 -2.530075  0.000000 -9.810000  0.000000
 1.000000  0.167525  0.116065  0.447474 -0.271708 -3.828506  1.665374 -0.235143 -0.300000  0.000000  0.000000  0.000000  0.000000  0.000000
 1.010000  0.171809  0.113435  0.409284 -0.254194 -3.803800  1.831766 -0.235143 -0.300000  0.000000  0.000000  0.000000  0.000000  0.000000
 1.020000  0.175712  0.110987  0.371505 -0.235187 -3.747107  1.963878 -0.235143 -0.300000  0.000000  0.000000  0.000000  0.000000  0.000000
 1.030000  0.179241  0.108735  0.334438 -0.215028 -3.661599  2.062223 -0.235143 -0.300000  0.000000  0.000000  0.000000  0.000000  0.000000
 1.040000  0.182404  0.106689  0.298360 -0.194054 -3.549857  2.127051 -0.235143 -0.300000  0.000000  0.000000  0.000000  0.000000  0.000000
 1.050000  0.185213  0.104855  0.263522 -0.172599 -3.413968  2.158494 -0.235143 -0.300000  0.000000  0.000000  0.000000  0.000000  0.000000
 1.060000  0.187680  0.103237  0.230155 -0.150995 -3.255681  2.156764 -0.235143 -0.300000  0.000000  0.000000  0.000000  0.000000  0.000000
 1.070000  0.189821  0.101835  0.198477 -0.129572 -3.076593  2.122345 -0.235143 -0.300000  0.000000  0.000000  0.000000  0.000000  0.000000
 1.080000  0.191655  0.100644  0.168687 -0.108654 -2.878357  2.056196 -0.235143 -0.300000  0.000000  0.000000  0.000000  0.000000  0.000000
 1.090000  0.193202  0.099659  0.140968 -0.088549 -2.662875  1.959911 -0.235143 -0.300000  0.000000  0.000000  0.000000  0.000000  0.000000
 1.100000  0.194482  0.098869  0.115480 -0.069548 -2.432468  1.835854 -0.235143 -0.300000  0.000000  0.000000  0.000000  0.000000  0.000000
 1.110000  0.195519  0.098263  0.092359 -0.051914 -2.190002  1.687227 -0.235143 -0.300000  0.000000  0.000000  0.000000  0.000000  0.000000
 1.120000  0.196338  0.097826  0.071708 -0.035872 -1.938949  1.518074 -0.235143 -0.300000  0.000000  0.000000  0.000000  0.000000  0.000000
 1.130000  0.196962  0.097540  0.053595 -0.021605 -1.683379  1.333215 -0.235143 -0.300000  0.000000  0.000000  0.000000  0.000000  0.000000
 1.140000  0.197418  0.097387  0.038041 -0.009242 -1.427879  1.138100 -0.235143 -0.300000  0.000000  0.000000  0.000000  0.000000  0.000000
 1.150000  0.197731  0.097349  0.025021  0.001142 -1.177393  0.938605 -0.235143 -0.300000  0.000000  0.000000  0.000000  0.000000  0.000000
 1.160000  0.197927  0.097404  0.014459  0.009535 -0.937001  0.740761 -0.235143 -0.300000  0.000000  0.000000  0.000000  0.000000  0.000000
 1.170000  0.198028  0.097533  0.006230  0.015983 -0.711647  0.550452 -0.235143 -0.300000  0.000000  0.000000  0.000000  0.000000  0.000000
 1.180000  0.198059  0.097717  0.000161  0.020588 -0.505846  0.373094 -0.235143 -0.300000  0.000000  0.000000  0.000000  0.000000  0.000000
 1.190000  0.198038  0.097939 -0.003964  0.023503 -0.323393  0.213334 -0.235143 -0.300000  0.000000  0.000000  0.000000  0.000000  0.000000
 1.200000  0.197985  0.098182 -0.006394  0.024925 -0.167109  0.074786 -0.235143 -0.300000  0.000000  0.000000  0.000000  0.000000  0.000000
 1.210000  0.197915  0.098433 -0.007400  0.025078 -0.038658 -0.040152 -0.235143 -0.300000  0.000000  0.000000  0.000000  0.000000  0.000000
 1.220000  0.197841  0.098680 -0.007262  0.024204  0.061551 -0.130397 -0.235143 -0.300000  0.000000  0.000000  0.000000  0.000000  0.000000
 1.230000  0.197772  0.098915 -0.006260  0.022552  0.134358 -0.196164 -0.235143 -0.300000  0.000000  0.000000  0.000000  0.000000  0.000000
 1.240000  0.197717  0.099130 -0.004659  0.020358  0.181735 -0.238857 -0.235143 -0.300000  0.000000  0.000000  0.000000  0.000000  0.000000
 1.250000  0.197680  0.099321 -0.002700  0.017844  0.206587 -0.260860 -0.235143 -0.300000  0.000000  0.000000  0.000000  0.000000  0.000000
 1.260000  0.197664  0.099486 -0.000591  0.015200  0.212484 -0.265277 -0.235143 -0.300000  0.000000  0.000000  0.000000  0.000000  0.000000
 1.270000  0.197669  0.099625  0.001499  0.012585  0.203361 -0.255628 -0.235143 -0.300000  0.000000  0.000000  0.000000  0.000000  0.000000
 1.280000  0.197693  0.099738  0.003440  0.010122  0.183219 -0.235557 -0.235143 -0.300000  0.000000  0.000000  0.000000  0.000000  0.000000
 1.290000  0.197737  0.099828  0.005140  0.007897  0.155863 -0.208569 -0.235143 -0.300000  0.000000  0.000000  0.000000  0.000000  0.000000
 1.300000  0.197795  0.099897  0.006544  0.005963  0.124692 -0.177825 -0.235143 -0.300000  0.000000  0.000000  0.000000  0.000000  0.000000
 1.310000  0.197866  0.099948  0.007630  0.004344  0.092554 -0.145993 -0.235143 -0.300000  0.000000  0.000000  0.000000  0.000000  0.000000
 1.320000  0.197947  0.099985  0.008400  0.003040  0.061680 -0.115178 -0.235143 -0.300000  0.000000  0.000000  0.000000  0.000000  0.000000
 1.330000  0.198033  0.100010  0.008873  0.002032  0.033671 -0.086903 -0.235143 -0.300000  0.000000  0.000000  0.000000  0.000000  0.000000
 1.340000  0.198123  0.100027  0.009086  0.001290  0.009542 -0.062150 -0.235143 -0.300000  0.000000  0.000000  0.000000  0.000000  0.000000
 1.350000  0.198214  0.100037  0.009079  0.000775 -0.010204 -0.041421 -0.235143 -0.300000  0.000000  0.000000  0.000000  0.000000  0.000000
 1.360000  0.198304  0.100043  0.008897  0.000448 -0.025479 -0.024831 -0.235143 -0.300000  0.000000  0.000000  0.000000  0.000000  0.000000
 1.370000  0.198392  0.100046  0.008584  0.000266 -0.036504 -0.012203 -0.235143 -0.300000  0.000000  0.000000  0.000000  0.000000  0.000000
 1.380000  0.198476  0.100048  0.008179  0.000191 -0.043714 -0.003156 -0.235143 -0.300000  0.000000  0.000000  0.000000  0.000000  0.000000
 1.390000  0.198555  0.100050  0.007720  0.000192 -0.047669  0.002810 -0.235143 -0.300000  0.000000  0.000000  0.000000  0.000000  0.000000
 1.400000  0.198630  0.100052  0.007235  0.000239 -0.048982  0.006250 -0.235143 -0.300000  0.000000  0.000000  0.000000  0.000000  0.000000
 1.410000  0.198700  0.100055  0.006747  0.000311 -0.048261  0.007716 -0.235143 -0.300000  0.000000  0.000000  0.000000  0.000000  0.000000
 1.420000  0.198765  0.100059  0.006275  0.000389 -0.046071  0.007726 -0.235143 -0.300000  0.000000  0.000000  0.000000  0.000000  0.000000
 1.430000  0.198826  0.100063  0.005829  0.000462 -0.042912  0.006738 -0.235143 -0.300000  0.000000  0.000000  0.000000  0.000000  0.000000
 1.440000  0.198882  0.100068  0.005418  0.000521 -0.039199  0.005137 -0.235143 -0.300000  0.000000  0.000000  0.000000  0.000000  0.000000
 1.450000  0.198934  0.100073  0.005048  0.000562 -0.034770  0.002770 -0.235143 -0.300000  0.000000  0.000000  0.000000  0.000000  0.000000
 1.460000  0.198983  0.100079  0.004723  0.000577 -0.030405  0.000358 -0.235143 -0.300000  0.000000  0.000000  0.000000  0.000000  0.000000
 1.470000  0.199029  0.100085  0.004437  0.000570 -0.026741 -0.001506 -0.235143 -0.300000  0.000000  0.000000  0.000000  0.000000  0.000000
 1.480000  0.199072  0.100090  0.004186  0.000548 -0.023670 -0.002913 -0.235143 -0.300000  0.000000  0.000000  0.000000  0.000000  0.000000
 1.490000  0.199112  0.100096  0.003962  0.000513 -0.021099 -0.003943 -0.235143 -0.300000  0.000000  0.000000  0.000000  0.000000  0.000000
 1.500000  0.199151  0.100101  0.003763  0.000470 -0.018947 -0.004664 -0.235143 -0.300000  0.000000  0.000000  0.000000  0.000000  0.000000
 1.510000  0.199188  0.100105  0.003582  0.000421 -0.017146 -0.005132 -0.235143 -0.300000  0.000000  0.000000  0.000000  0.000000  0.000000
 1.520000  0.199223  0.100109  0.003419  0.000368 -0.015637 -0.005398 -0.235143 -0.300000  0.000000  0.000000  0.000000  0.000000  0.000000
 1.530000  0.199256  0.100112  0.003269  0.000314 -0.014372 -0.005501 -0.235143 -0.300000  0.000000  0.000000  0.000000  0.000000  0.000000
 1.540000  0.199288  0.100115  0.003131  0.000259 -0.013309 -0.005477 -0.235143 -0.300000  0.000000  0.000000  0.000000  0.000000  0.000000
 1.550000  0.199319  0.100118  0.003002  0.000204 -0.012413 -0.005354 -0.235143 -0.300000  0.000000  0.000000  0.000000  0.000000  0.000000
 1.560000  0.199348  0.100119  0.002882  0.000152 -0.011653 -0.005155 -0.235143 -0.300000  0.000000  0.000000  0.000000  0.000000  0.000000
 1.570000  0.199377  0.100121  0.002769  0.000101 -0.011005 -0.004902 -0.235143 -0.300000  0.000000  0.000000  0.000000  0.000000  0.000000
 1.580000  0.199404  0.100121  0.002661  0.000054 -0.010449 -0.004609 -0.235143 -0.300000  0.000000  0.000000  0.000000  0.000000  0.000000
 1.590000  0.199430  0.100122  0.002559  0.000009 -0.009967 -0.004290 -0.235143 -0.300000  0.000000  0.000000  0.000000  0.000000  0.000000
 1.600000  0.199455  0.100122  0.002462 -0.000032 -0.009546 -0.003956 -0.235143 -0.300000  0.000000  0.000000  0.000000  0.000000  0.000000
 1.610000  0.199479  0.100121  0.002368 -0.000070 -0.009172 -0.003616 -0.235143 -0.300000  0.000000  0.000000  0.000000  0.000000  0.000000
 1.620000  0.199502  0.100120  0.002278 -0.000104 -0.008837 -0.003276 -0.235143 -0.300000  0.000000  0.000000  0.000000  0.000000  0.000000
 1.630000  0.199525  0.100119  0.002191 -0.000135 -0.008533 -0.002942 -0.235143 -0.300000  0.000000  0.000000  0.000000  0.000000  0.000000
 1.640000  0.199546  0.100117  0.002108 -0.000163 -0.008253 -0.002617 -0.235143 -0.300000  0.000000  0.000000  0.000000  0.000000  0.000000
 1.650000  0.199567  0.100116  0.002026 -0.000188 -0.007992 -0.002305 -0.235143 -0.300000  0.000000  0.000000  0.000000  0.000000  0.000000
 1.660000  0.199587  0.100114  0.001948 -0.000209 -0.007747 -0.002008 -0.235143 -0.300000  0.000000  0.000000  0.000000  0.000000  0.000000
 1.670000  0.199606  0.100112  0.001871 -0.000228 -0.007513 -0.001728 -0.235143 -0.300000  0.000000  0.000000  0.000000  0.000000  0.000000
 1.680000  0.199624  0.100109  0.001797 -0.000244 -0.007289 -0.001464 -0.235143 -0.300000  0.000000  0.000000  0.000000  0.000000  0.000000
 1.690000  0.199642  0.100107  0.001726 -0.000257 -0.007071 -0.001219 -0.235143 -0.300000  0.000000  0.000000  0.000000  0.000000  0.000000
 1.700000  0.199659  0.100104  0.001656 -0.000268 -0.006860 -0.000992 -0.235143 -0.300000  0.000000  0.000000  0.000000  0.000000  0.000000
 1.710000  0.199675  0.100101  0.001588 -0.000277 -0.006653 -0.000783 -0.235143 -0.300000  0.000000  0.000000  0.000000  0.000000  0.000000
 1.720000  0.199690  0.100099  0.001523 -0.000284 -0.006450 -0.000591 -0.235143 -0.300000  0.000000  0.000000  0.000000  0.000000  0.000000
 1.730000  0.199705  0.100096  0.001459 -0.000289 -0.006250 -0.000416 -0.235143 -0.300000  0.000000  0.000000  0.000000  0.000000  0.000000
 1.740000  0.199720  0.100093  0.001398 -0.000292 -0.006053 -0.000258 -0.235143 -0.300000  0.000000  0.000000  0.000000  0.000000  0.000000
 1.750000  0.199733  0.100090  0.001338 -0.000294 -0.005858 -0.000115 -0.235143 -0.300000  0.000000  0.000000  0.000000  0.000000  0.000000
 1.760000  0.199746  0.100087  0.001281 -0.000295 -0.005667  0.000013 -0.235143 -0.300000  0.000000  0.000000  0.000000  0.000000  0.000000
 1.770000  0.199759  0.100084  0.001225 -0.000294 -0.005477  0.000128 -0.235143 -0.300000  0.000000  0.000000  0.000000  0.000000  0.000000
 1.780000  0.199771  0.100081  0.001171 -0.000292 -0.005291  0.000229 -0.235143 -0.300000  0.000000  0.000000  0.000000  0.000000  0.000000
 1.790000  0.199782  0.100078  0.001119 -0.000289 -0.005107  0.000319 -0.235143 -0.300000  0.000000  0.000000  0.000000  0.000000  0.000000
 1.800000  0.199793  0.100075  0.001069 -0.000286 -0.004926  0.000397 -0.235143 -0.300000  0.000000  0.000000  0.000000  0.000000  0.000000
 1.810000  0.199804  0.100072  0.001021 -0.000282 -0.004748  0.000464 -0.235143 -0.300000  0.000000  0.000000  0.000000  0.000000  0.000000
 1.820000  0.199814  0.100070  0.000974 -0.000277 -0.004573  0.000522 -0.235143 -0.300000  0.000000  0.000000  0.000000  0.000000  0.000000
 1.830000  0.199823  0.100067  0.000929 -0.000271 -0.004402  0.000572 -0.235143 -0.300000  0.000000  0.000000  0.000000  0.000000  0.000000
 1.840000  0.199832  0.100064  0.000886 -0.000265 -0.004234  0.000613 -0.235143 -0.300000  0.000000  0.000000  0.000000  0.000000  0.000000
 1.850000  0.199841  0.100062  0.000844 -0.000259 -0.004069  0.000647 -0.235143 -0.300000  0.000000  0.000000  0.000000  0.000000  0.000000
 1.860000  0.199849  0.100059  0.000805 -0.000252 -0.003909  0.000675 -0.235143 -0.300000  0.000000  0.000000  0.000000  0.000000  0.000000
 1.870000  0.199857  0.100056  0.000766 -0.000245 -0.003752  0.000696 -0.235143 -0.300000  0.000000  0.000000  0.000000  0.000000  0.000000
 1.880000  0.199864  0.100054  0.000729 -0.000238 -0.003599  0.000712 -0.235143 -0.300000  0.000000  0.000000  0.000000  0.000000  0.000000
 1.890000  0.199872  0.100052  0.000694 -0.000231 -0.003451  0.000723 -0.235143 -0.300000  0.000000  0.000000  0.000000  0.000000  0.000000
 1.900000  0.199878  0.100049  0.000660 -0.000224 -0.003306  0.000730 -0.235143 -0.300000  0.000000  0.000000  0.000000  0.000000  0.000000
 1.910000  0.199885  0.100047  0.000628 -0.000217 -0.003166  0.000733 -0.235143 -0.300000  0.000000  0.000000  0.000000  0.000000  0.000000
 1.920000  0.199891  0.100045  0.000597 -0.000209 -0.003030  0.000732 -0.235143 -0.300000  0.000000  0.000000  0.000000  0.000000  0.000000
 1.930000  0.199897  0.100043  0.000567 -0.000202 -0.002898  0.000729 -0.235143 -0.300000  0.000000  0.000000  0.000000  0.000000  0.000000
 1.940000  0.199902  0.100041  0.000539 -0.000195 -0.002770  0.000723 -0.235143 -0.300000  0.000000  0.000000  0.000000  0.000000  0.000000
 1.950000  0.199907  0.100039  0.000512 -0.000187 -0.002647  0.000714 -0.235143 -0.300000  0.000000  0.000000  0.000000  0.000000  0.000000
 1.960000  0.199912  0.100037  0.000486 -0.000180 -0.002528  0.000704 -0.235143 -0.300000  0.000000  0.000000  0.000000  0.000000  0.000000
 1.970000  0.199917  0.100036  0.000461 -0.000173 -0.002413  0.000692 -0.235143 -0.300000  0.000000  0.000000  0.000000  0.000000  0.000000
 1.980000  0.199922  0.100034  0.000438 -0.000167 -0.002302  0.000678 -0.235143 -0.300000  0.000000  0.000000  0.000000  0.000000  0.000000
 1.990000  0.199926  0.100032  0.000415 -0.000160 -0.002196  0.000664 -0.235143 -0.300000  0.000000  0.000000  0.000000  0.000000  0.000000
 2.000000  0.199930  0.100031  0.000394 -0.000153 -0.002093  0.000648 -0.235143 -0.300000  0.000000  0.000000  0.000000  0.000000  0.000000
 2.010000  0.199934  0.100029  0.000374 -0.000147 -0.001994  0.000631 -0.235143 -0.300000  0.000000  0.000000  0.000000  0.000000  0.000000
 2.020000  0.199937  0.100028  0.000354 -0.000141 -0.001899  0.000614 -0.235143 -0.300000  0.000000  0.000000  0.000000  0.000000  0.000000
 2.030000  0.199941  0.100026  0.000336 -0.000135 -0.001808  0.000596 -0.235143 -0.300000  0.000000  0.000000  0.000000  0.000000  0.000000
 2.040000  0.199944  0.100025  0.000318 -0.000129 -0.001721  0.000578 -0.235143 -0.300000  0.000000  0.000000  0.000000  0.000000  0.000000
 2.050000  0.199947  0.100024  0.000301 -0.000123 -0.001637  0.000560 -0.235143 -0.300000  0.000000  0.000000  0.000000  0.000000  0.000000
 2.060000  0.199950  0.100023  0.000285 -0.000118 -0.001557  0.000541 -0.235143 -0.300000  0.000000  0.000000  0.000000  0.000000  0.000000
 2.070000  0.199953  0.100021  0.000270 -0.000112 -0.001480  0.000523 -0.235143 -0.300000  0.000000  0.000000  0.000000  0.000000  0.000000
 2.080000  0.199956  0.100020  0.000256 -0.000107 -0.001406  0.000505 -0.235143 -0.300000  0.000000  0.000000  0.000000  0.000000  0.000000
 2.090000  0.199958  0.100019  0.000242 -0.000102 -0.001336  0.000486 -0.235143 -0.300000  0.000000  0.000000  0.000000  0.000000  0.000000
 2.100000  0.199960  0.100018  0.000229 -0.000097 -0.001269  0.000468 -0.235143 -0.300000  0.000000  0.000000  0.000000  0.000000  0.000000
 2.110000  0.199963  0.100017  0.000216 -0.000093 -0.001205  0.000450 -0.235143 -0.300000  0.000000  0.000000  0.000000  0.000000  0.000000
 2.120000  0.199965  0.100016  0.000205 -0.000088 -0.001143  0.000433 -0.235143 -0.300000  0.000000  0.000000  0.000000  0.000000  0.000000
 2.130000  0.199967  0.100016  0.000194 -0.000084 -0.001085  0.000415 -0.235143 -0.300000  0.000000  0.000000  0.000000  0.000000  0.000000
 2.140000  0.199969  0.100015  0.000183 -0.000080 -0.001029  0.000399 -0.235143 -0.300000  0.000000  0.000000  0.000000  0.000000  0.000000