0.000 0.001018 0.079681
0.005 0.001053 0.079654
0.010 0.001108 0.079609
0.015 0.001212 0.079526
0.020 0.001381 0.079390
0.025 0.001626 0.079192
0.030 0.001954 0.078926
0.035 0.002369 0.078590
0.040 0.002874 0.078180
0.045 0.003468 0.077696
0.050 0.004154 0.077136
0.055 0.004931 0.076499
0.060 0.005799 0.075784
0.065 0.006757 0.074991
0.070 0.007806 0.074118
0.075 0.008944 0.073167
0.080 0.010171 0.072134
0.085 0.011485 0.071021
0.090 0.012888 0.069825
0.095 0.014376 0.068547
0.100 0.015950 0.067185
0.105 0.017608 0.065738
0.110 0.019349 0.064206
0.115 0.021172 0.062587
0.120 0.023076 0.060882
0.125 0.025058 0.059088
0.130 0.027118 0.057206
0.135 0.029253 0.055234
0.140 0.031462 0.053172
0.145 0.033743 0.051020
0.150 0.036093 0.048776
0.155 0.038510 0.046440
0.160 0.040992 0.044013
0.165 0.043535 0.041494
0.170 0.046137 0.038882
0.175 0.048794 0.036179
0.180 0.051503 0.033384
0.185 0.054261 0.030498
0.190 0.057064 0.027521
0.195 0.059907 0.024456
0.200 0.062786 0.021302
0.205 0.065698 0.018061
0.210 0.068636 0.014735
0.215 0.071596 0.011327
0.220 0.074573 0.007837
0.225 0.077561 0.004268
0.230 0.080554 0.000624
0.235 0.083547 -0.003092
0.240 0.086532 -0.006877
0.245 0.089505 -0.010728
0.250 0.092458 -0.014640
0.255 0.095384 -0.018609
0.260 0.098275 -0.022629
0.265 0.101126 -0.026697
0.270 0.103928 -0.030806
0.275 0.106674 -0.034950
0.280 0.109355 -0.039124
0.285 0.111965 -0.043320
0.290 0.114494 -0.047533
0.295 0.116936 -0.051754
0.300 0.119281 -0.055977
0.305 0.121522 -0.060194
0.310 0.123650 -0.064396
0.315 0.125658 -0.068575
0.320 0.127536 -0.072723
0.325 0.129278 -0.076830
0.330 0.130874 -0.080889
0.335 0.132317 -0.084888
0.340 0.133600 -0.088820
0.345 0.134714 -0.092673
0.350 0.135653 -0.096440
0.355 0.136410 -0.100109
0.360 0.136977 -0.103672
0.365 0.137349 -0.107117
0.370 0.137519 -0.110436
0.375 0.137481 -0.113618
0.380 0.137232 -0.116654
0.385 0.136765 -0.119534
0.390 0.136076 -0.122248
0.395 0.135162 -0.124789
0.400 0.134020 -0.127145
0.405 0.132647 -0.129310
0.410 0.131041 -0.131273
0.415 0.129200 -0.133028
0.420 0.127123 -0.134567
0.425 0.124812 -0.135882
0.430 0.122266 -0.136967
0.435 0.119486 -0.137815
0.440 0.116475 -0.138421
0.445 0.113234 -0.138780
0.450 0.109769 -0.138887
0.455 0.106082 -0.138738
0.460 0.102179 -0.138330
0.465 0.098065 -0.137661
0.470 0.093746 -0.136729
0.475 0.089230 -0.135532
0.480 0.084523 -0.134071
0.485 0.079635 -0.132345
0.490 0.074574 -0.130357
0.495 0.069349 -0.128107
0.500 0.063972 -0.125599
0.505 0.058452 -0.122835
0.510 0.052800 -0.119822
0.515 0.047029 -0.116562
0.520 0.041151 -0.113063
0.525 0.035177 -0.109330
0.530 0.029121 -0.105371
0.535 0.022997 -0.101194
0.540 0.016817 -0.096808
0.545 0.010595 -0.092220
0.550 0.004345 -0.087442
0.555 -0.001919 -0.082484
0.560 -0.008182 -0.077357
0.565 -0.014432 -0.072071
0.570 -0.020653 -0.066640
0.575 -0.026832 -0.061074
0.580 -0.032956 -0.055388
0.585 -0.039010 -0.049593
0.590 -0.044982 -0.043703
0.595 -0.050857 -0.037732
0.600 -0.056624 -0.031692
0.605 -0.062271 -0.025599
0.610 -0.067785 -0.019465
0.615 -0.073155 -0.013304
0.620 -0.078369 -0.007130
0.625 -0.083419 -0.000957
0.630 -0.088293 0.005203
0.635 -0.092984 0.011334
0.640 -0.097481 0.017425
0.645 -0.101778 0.023463
0.650 -0.105866 0.029435
0.655 -0.109741 0.035330
0.660 -0.113395 0.041134
0.665 -0.116824 0.046838
0.670 -0.120023 0.052430
0.675 -0.122989 0.057901
0.680 -0.125719 0.063240
0.685 -0.128210 0.068438
0.690 -0.130462 0.073487
0.695 -0.132474 0.078379
0.700 -0.134245 0.083107
0.705 -0.135776 0.087663
0.710 -0.137069 0.092042
0.715 -0.138125 0.096238
0.720 -0.138948 0.100246
0.725 -0.139540 0.104064
0.730 -0.139905 0.107686
0.735 -0.140048 0.111111
0.740 -0.139973 0.114336
0.745 -0.139686 0.117359
0.750 -0.139192 0.120181
0.755 -0.138498 0.122800
0.760 -0.137610 0.125217
0.765 -0.136536 0.127432
0.770 -0.135282 0.129449
0.775 -0.133856 0.131267
0.780 -0.132266 0.132890
0.785 -0.130520 0.134321
0.790 -0.128626 0.135563
0.795 -0.126592 0.136620
0.800 -0.124428 0.137497
0.805 -0.122140 0.138197
0.810 -0.119739 0.138727
0.815 -0.117232 0.139091
0.820 -0.114628 0.139294
0.825 -0.111935 0.139343
0.830 -0.109163 0.139244
0.835 -0.106319 0.139003
0.840 -0.103412 0.138627
0.845 -0.100449 0.138121
0.850 -0.097440 0.137493
0.855 -0.094391 0.136750
0.860 -0.091310 0.135898
0.865 -0.088204 0.134944
0.870 -0.085082 0.133895
0.875 -0.081949 0.132759
0.880 -0.078812 0.131541
0.885 -0.075679 0.130249
0.890 -0.072555 0.128890
0.895 -0.069445 0.127470
0.900 -0.066357 0.125995
0.905 -0.063295 0.124473
0.910 -0.060264 0.122910
0.915 -0.057270 0.121312
0.920 -0.054316 0.119685
0.925 -0.051408 0.118035
0.930 -0.048550 0.116367
0.935 -0.045744 0.114688
0.940 -0.042996 0.113003
0.945 -0.040307 0.111317
0.950 -0.037683 0.109635
0.955 -0.035124 0.107961
0.960 -0.032634 0.106302
0.965 -0.030216 0.104660
0.970 -0.027872 0.103041
0.975 -0.025603 0.101448
0.980 -0.023411 0.099886
0.985 -0.021299 0.098357
0.990 -0.019268 0.096866
0.995 -0.017318 0.095416
1.000 -0.015452 0.094010
1.005 -0.013671 0.092651
1.010 -0.011974 0.091342
1.015 -0.010364 0.090085
1.020 -0.008840 0.088882
1.025 -0.007404 0.087737
1.030 -0.006056 0.086651
1.035 -0.004796 0.085625
1.040 -0.003624 0.084663
1.045 -0.002542 0.083765
1.050 -0.001549 0.082932
1.055 -0.000645 0.082167
1.060 0.000170 0.081470
1.065 0.000895 0.080843
1.070 0.001531 0.080286
1.075 0.002077 0.079800
1.080 0.002534 0.079386
1.085 0.002902 0.079045
1.090 0.003180 0.078776
1.095 0.003369 0.078580
1.100 0.003469 0.078458
1.105 0.003488 0.078402
1.110 0.003451 0.078394
1.115 0.003379 0.078415
1.120 0.003290 0.078453
1.125 0.003190 0.078501
1.130 0.003087 0.078553
1.135 0.002984 0.078606
1.140 0.002883 0.078660
1.145 0.002785 0.078713
1.150 0.002690 0.078764
1.155 0.002600 0.078813
1.160 0.002515 0.078859
1.165 0.002434 0.078904
1.170 0.002357 0.078946
1.175 0.002284 0.078986
1.180 0.002214 0.079024
1.185 0.002149 0.079060
1.190 0.002087 0.079094
1.195 0.002029 0.079126
1.200 0.001973 0.079157
1.205 0.001921 0.079185
1.210 0.001872 0.079212
1.215 0.001825 0.079238
1.220 0.001781 0.079262
1.225 0.001739 0.079285
1.230 0.001700 0.079307
1.235 0.001662 0.079327
1.240 0.001627 0.079347
1.245 0.001594 0.079365
1.250 0.001562 0.079382
1.255 0.001532 0.079399
1.260 0.001504 0.079414
1.265 0.001478 0.079429
1.270 0.001453 0.079443
1.275 0.001429 0.079456
1.280 0.001406 0.079468
1.285 0.001385 0.079480
1.290 0.001365 0.079491
1.295 0.001346 0.079501
1.300 0.001328 0.079511
1.305 0.001311 0.079520
1.310 0.001295 0.079529
1.315 0.001280 0.079538
1.320 0.001266 0.079545
1.325 0.001252 0.079553
1.330 0.001239 0.079560
1.335 0.001227 0.079567
1.340 0.001216 0.079573
1.345 0.001205 0.079579
1.350 0.001195 0.079584
1.355 0.001185 0.079590
1.360 0.001176 0.079595
1.365 0.001167 0.079600
1.370 0.001159 0.079604
1.375 0.001152 0.079608
1.380 0.001144 0.079612
1.385 0.001137 0.079616
1.390 0.001131 0.079620
1.395 0.001125 0.079623
1.400 0.001119 0.079626
1.405 0.001113 0.079629
1.410 0.001108 0.079632
1.415 0.001103 0.079635
1.420 0.001099 0.079637
1.425 0.001094 0.079640
1.430 0.001090 0.079642